k nVg nVh
vg
vh
nedgeg nedgeh
edgeg
edgeh

4 5 6
1
2
3
4
5
6
7
8
9
10
11
5 10
1 5
1 4
2 5
2 3
3 5
6 7
6 8
6 10
7 11
7 9
8 11
8 9
8 10
9 11
10 11


5
1 5
1 4
2 5
2 3
3 5
10
6 7
6 8
6 10
7 11
7 9
8 11
8 9
8 10
9 11
10 11
5
1
2
3
4
5
6
6
7
8
9
10
11



1.	กราฟตัวอย่าง//แทน a b c d ด้วย 7 8 9 10
4 6 4
1 2 3 4 5 6
7 8 9 10
8 4
1 2
1 3
1 4
1 5
2 4
3 5
4 6
5 6
7 8
7 9
7 10 
8 10



2.	กราฟที่ไม่มีเส้นเชื่อมเลยและกราฟที่มีเส้นเชื่อมจำนวนมาก

2 5 5
1 2 3 4 5
6 7 8 9 10
7 0
1 2
1 5 
2 3
2 4
2 5
3 4
3 5

3.	เส้นตรงและจุด

1 3 1
1 2 3
4
0 2
1 2
2 3

4.	วงวนวงใหญ่และวงวนวงเล็ก

3 8 4
1 2 3 4 5 6 7 8
9 10 11 12 
8 4
1 2
1 8
2 3
3 4
4 5
5 6
6 7
7 8
9 10
9 12
10 11
11 12

1
5.	กราฟใดๆและcomplete graph ที่มีจำนวนvertexเท่ากัน
4 6 6
1 2 3 4 5 6
7 8 9 10 11 12
9 15
1 3
1 6
2 3
3 4
3 5
3 6
4 5
4 6
5 6
7 8
7 9
7 10
7 11 
7 12
8 9
8 10
8 11
8 12
9 10
9 11 
9 12
10 11
10 12
11 12

ตัวอย่างที่นำมาแสดงนั้นเป็นเพียงหนึ่งในความเป็นไปได้ที่เกิดจากการเลือกvและw ในแต่ละรอบดังที่เห็น ดังนั้นหากมีการเลือกที่ต่างไปเซ็ตM
ก็จะต่างออกไป
จึงทำการวนทำrecursive แบบdfs เพื่อหาทุกเคส และจะทำการbacktrack 
เมื่อค่าupper boundมากสุดที่การทำรอบน้นหาได้น้อยกว่า ค่าขนาดของคำตอบMที่เคยเก็บไว้เเล้ว
ซึ่งรายละเอียดของค่านี้อยู่ในรายงานครับ
และในทุกๆขั้นจะทำในกรณีที่vที่เลือกมาไม่คู่กับตัวใดเลย จะทำการข้ามค่าvไปโดยไม่ได้เพิ่มลงในM 
และทำขั้นต่อไปโดยถือว่าvถูกใช้ไปแล้วนั่นเอง

